0 0 55718
1 55718 44781
2 100499 38447
3 138946 34059
4 173005 33595
5 206600 30935
6 237535 30718
7 268253 30454
8 298707 29945
9 328652 28638
10 357290 27843
11 385133 27028
12 412161 25945
13 438106 25811
14 463917 25799
15 489716 24896
16 514612 24707
17 539319 24561
18 563880 24375
19 588255 24243
20 612498 24048
21 636546 23905
22 660451 23810
23 684261 23603
24 707864 23246
25 731110 23026
26 754136 22925
27 777061 22806
28 799867 22817
29 822684 22556
30 845240 22520
31 867760 22549
32 890309 22098
33 912407 21936
34 934343 21952
35 956295 21867
36 978162 21767
37 999929 21647
38 1021576 21602
39 1043178 21580
40 1064758 21521
41 1086279 21482
42 1107761 21318
43 1129079 21229
44 1150308 20984
45 1171292 20736
46 1192028 20494
47 1212522 20285
48 1232807 20235
49 1253042 20153
50 1273195 20093
51 1293288 19884
52 1313172 19789
53 1332961 19812
54 1352773 19686
55 1372459 19511
56 1391970 19551
57 1411521 19463
58 1430984 19366
59 1450350 19278
60 1469628 19092
61 1488720 19082
62 1507802 19028
63 1526830 19034
64 1545864 18949
65 1564813 18710
66 1583523 18595
67 1602118 18443
68 1620561 18380
69 1638941 18316
70 1657257 18049
71 1675306 17884
72 1693190 17838
73 1711028 17708
74 1728736 17719
75 1746455 17582
76 1764037 17575
77 1781612 17530
78 1799142 17445
79 1816587 17221
80 1833808 17211
81 1851019 17254
82 1868273 17198
83 1885471 17070
84 1902541 17053
85 1919594 16983
86 1936577 16880
87 1953457 16884
88 1970341 16832
89 1987173 16596
90 2003769 16524
91 2020293 16461
92 2036754 16384
93 2053138 16433
94 2069571 16385
95 2085956 16289
96 2102245 16310
97 2118555 16001
98 2134556 16027
99 2150583 15913
100 2166496 15865
101 2182361 15871
102 2198232 15868
103 2214100 15852
104 2229952 15773
105 2245725 15804
106 2261529 15792
107 2277321 15790
108 2293111 15779
109 2308890 15778
110 2324668 15710
111 2340378 15744
112 2356122 15702
113 2371824 15696
114 2387520 15592
115 2403112 15662
116 2418774 15564
117 2434338 15547
118 2449885 15602
119 2465487 15505
120 2480992 15392
121 2496384 15321
122 2511705 15284
123 2526989 15256
124 2542245 15116
125 2557361 15074
126 2572435 15086
127 2587521 15008
128 2602529 14985
129 2617514 14791
130 2632305 14662
131 2646967 14617
132 2661584 14634
133 2676218 14617
134 2690835 14517
135 2705352 14352
136 2719704 14178
137 2733882 14076
138 2747958 14012
139 2761970 13968
140 2775938 13921
141 2789859 13782
142 2803641 13766
143 2817407 13749
144 2831156 13752
145 2844908 13704
146 2858612 13687
147 2872299 13658
148 2885957 13640
149 2899597 13565
150 2913162 13564
151 2926726 13562
152 2940288 13395
153 2953683 13314
154 2966997 13293
155 2980290 13156
156 2993446 13182
157 3006628 13218
158 3019846 13092
159 3032938 13173
160 3046111 13154
161 3059265 13046
162 3072311 13062
163 3085373 12996
164 3098369 13072
165 3111441 12993
166 3124434 12944
167 3137378 12968
168 3150346 12903
169 3163249 12864
170 3176113 12839
171 3188952 12851
172 3201803 12853
173 3214656 12628
174 3227284 12605
175 3239889 12578
176 3252467 12578
177 3265045 12480
178 3277525 12476
179 3290001 12441
180 3302442 12433
181 3314875 12337
182 3327212 12284
183 3339496 12284
184 3351780 12274
185 3364054 12228
186 3376282 12155
187 3388437 12144
188 3400581 11998
189 3412579 11929
190 3424508 11966
191 3436474 11913
192 3448387 11868
193 3460255 11857
194 3472112 11754
195 3483866 11617
196 3495483 11618
197 3507101 11637
198 3518738 11638
199 3530376 11606
200 3541982 11552
201 3553534 11583
202 3565117 11545
203 3576662 11570
204 3588232 11488
205 3599720 11451
206 3611171 11434
207 3622605 11324
208 3633929 11293
209 3645222 11319
210 3656541 11262
211 3667803 11276
212 3679079 11241
213 3690320 11165
214 3701485 11203
215 3712688 11116
216 3723804 11020
217 3734824 11023
218 3745847 11023
219 3756870 10998
220 3767868 10977
221 3778845 10960
222 3789805 10941
223 3800746 10938
224 3811684 10977
225 3822661 10873
226 3833534 10859
227 3844393 10827
228 3855220 10787
229 3866007 10748
230 3876755 10724
231 3887479 10706
232 3898185 10746
233 3908931 10689
234 3919620 10659
235 3930279 10640
236 3940919 10597
237 3951516 10554
238 3962070 10509
239 3972579 10529
240 3983108 10494
241 3993602 10461
242 4004063 10451
243 4014514 10516
244 4025030 10454
245 4035484 10421
246 4045905 10445
247 4056350 10392
248 4066742 10368
249 4077110 10311
250 4087421 10278
251 4097699 10198
252 4107897 10205
253 4118102 10175
254 4128277 10174
255 4138451 10155
256 4148606 10142
257 4158748 10155
258 4168903 10152
259 4179055 10150
260 4189205 10199
261 4199404 10111
262 4209515 10113
263 4219628 10088
264 4229716 10089
265 4239805 10064
266 4249869 10101
267 4259970 10059
268 4270029 10023
269 4280052 9999
270 4290051 9924
271 4299975 10009
272 4309984 9988
273 4319972 9964
274 4329936 9933
275 4339869 9922
276 4349791 9920
277 4359711 9905
278 4369616 9869
279 4379485 9896
280 4389381 9852
281 4399233 9789
282 4409022 9835
283 4418857 9844
284 4428701 9779
285 4438480 9782
286 4448262 9756
287 4458018 9739
288 4467757 9695
289 4477452 9708
290 4487160 9710
291 4496870 9658
292 4506528 9674
293 4516202 9664
294 4525866 9696
295 4535562 9669
296 4545231 9646
297 4554877 9639
298 4564516 9647
299 4574163 9684
300 4583847 9629
301 4593476 9618
302 4603094 9634
303 4612728 9588
304 4622316 9617
305 4631933 9605
306 4641538 9580
307 4651118 9593
308 4660711 9532
309 4670243 9538
310 4679781 9537
311 4689318 9520
312 4698838 9506
313 4708344 9480
314 4717824 9466
315 4727290 9462
316 4736752 9417
317 4746169 9481
318 4755650 9425
319 4765075 9365
320 4774440 9380
321 4783820 9352
322 4793172 9352
323 4802524 9306
324 4811830 9335
325 4821165 9224
326 4830389 9272
327 4839661 9216
328 4848877 9221
329 4858098 9235
330 4867333 9208
331 4876541 9233
332 4885774 9206
333 4894980 9179
334 4904159 9205
335 4913364 9196
336 4922560 9141
337 4931701 9169
338 4940870 9131
339 4950001 9104
340 4959105 9106
341 4968211 9084
342 4977295 9080
343 4986375 9078
344 4995453 9085
345 5004538 9060
346 5013598 9095
347 5022693 9052
348 5031745 9063
349 5040808 9042
350 5049850 9044
351 5058894 9043
352 5067937 9078
353 5077015 9028
354 5086043 9023
355 5095066 9029
356 5104095 8966
357 5113061 8961
358 5122022 8969
359 5130991 8967
360 5139958 8952
361 5148910 8957
362 5157867 8956
363 5166823 9003
364 5175826 8923
365 5184749 8937
366 5193686 8903
367 5202589 8903
368 5211492 8878
369 5220370 8889
370 5229259 8923
371 5238182 8879
372 5247061 8855
373 5255916 8870
374 5264786 8881
375 5273667 8842
376 5282509 8873
377 5291382 8836
378 5300218 8811
379 5309029 8812
380 5317841 8788
381 5326629 8770
382 5335399 8758
383 5344157 8782
384 5352939 8733
385 5361672 8730
386 5370402 8725
387 5379127 8735
388 5387862 8658
389 5396520 8634
390 5405154 8647
391 5413801 8631
392 5422432 8580
393 5431012 8572
394 5439584 8582
395 5448166 8599
396 5456765 8582
397 5465347 8585
398 5473932 8572
399 5482504 8525
400 5491029 8530
401 5499559 8507
402 5508066 8494
403 5516560 8492
404 5525052 8513
405 5533565 8498
406 5542063 8476
407 5550539 8467
408 5559006 8436
409 5567442 8418
410 5575860 8420
411 5584280 8423
412 5592703 8417
413 5601120 8395
414 5609515 8412
415 5617927 8421
416 5626348 8346
417 5634694 8347
418 5643041 8365
419 5651406 8371
420 5659777 8336
421 5668113 8324
422 5676437 8320
423 5684757 8304
424 5693061 8321
425 5701382 8303
426 5709685 8280
427 5717965 8277
428 5726242 8281
429 5734523 8232
430 5742755 8194
431 5750949 8210
432 5759159 8232
433 5767391 8222
434 5775613 8229
435 5783842 8269
436 5792111 8200
437 5800311 8188
438 5808499 8229
439 5816728 8174
440 5824902 8154
441 5833056 8176
442 5841232 8176
443 5849408 8213
444 5857621 8155
445 5865776 8172
446 5873948 8128
447 5882076 8133
448 5890209 8116
449 5898325 8148
450 5906473 8088
451 5914561 8092
452 5922653 8086
453 5930739 8094
454 5938833 8086
455 5946919 8116
456 5955035 8074
457 5963109 8048
458 5971157 8036
459 5979193 8016
460 5987209 8058
461 5995267 8012
462 6003279 8029
463 6011308 8038
464 6019346 8022
465 6027368 7987
466 6035355 7962
467 6043317 7988
468 6051305 7974
469 6059279 7960
470 6067239 7939
471 6075178 7964
472 6083142 7918
473 6091060 7936
474 6098996 7925
475 6106921 7917
476 6114838 7900
477 6122738 7935
478 6130673 7926
479 6138599 7898
480 6146497 7876
481 6154373 7890
482 6162263 7863
483 6170126 7859
484 6177985 7837
485 6185822 7837
486 6193659 7832
487 6201491 7813
488 6209304 7781
489 6217085 7801
490 6224886 7777
491 6232663 7756
492 6240419 7801
493 6248220 7819
494 6256039 7755
495 6263794 7802
496 6271596 7725
497 6279321 7704
498 6287025 7714
499 6294739 7702
500 6302441 7698
501 6310139 7698
502 6317837 7701
503 6325538 7710
504 6333248 7622
505 6340870 7688
506 6348558 7661
507 6356219 7672
508 6363891 7677
509 6371568 7639
510 6379207 7623
511 6386830 7625
512 6394455 7665
513 6402120 7650
514 6409770 7646
515 6417416 7594
516 6425010 7636
517 6432646 7586
518 6440232 7635
519 6447867 7602
520 6455469 7607
521 6463076 7602
522 6470678 7569
523 6478247 7587
524 6485834 7584
525 6493418 7572
526 6500990 7545
527 6508535 7576
528 6516111 7574
529 6523685 7578
530 6531263 7531
531 6538794 7542
532 6546336 7544
533 6553880 7527
534 6561407 7531
535 6568938 7529
536 6576467 7556
537 6584023 7487
538 6591510 7506
539 6599016 7493
540 6606509 7451
541 6613960 7457
542 6621417 7457
543 6628874 7432
544 6636306 7403
545 6643709 7440
546 6651149 7417
547 6658566 7429
548 6665995 7427
549 6673422 7433
550 6680855 7412
551 6688267 7429
552 6695696 7421
553 6703117 7407
554 6710524 7393
555 6717917 7375
556 6725292 7365
557 6732657 7366
558 6740023 7386
559 6747409 7369
560 6754778 7348
561 6762126 7356
562 6769482 7366
563 6776848 7323
564 6784171 7334
565 6791505 7297
566 6798802 7302
567 6806104 7305
568 6813409 7306
569 6820715 7316
570 6828031 7280
571 6835311 7251
572 6842562 7277
573 6849839 7280
574 6857119 7257
575 6864376 7201
576 6871577 7194
577 6878771 7232
578 6886003 7196
579 6893199 7216
580 6900415 7212
581 6907627 7222
582 6914849 7147
583 6921996 7151
584 6929147 7176
585 6936323 7157
586 6943480 7152
587 6950632 7162
588 6957794 7137
589 6964931 7108
590 6972039 7106
591 6979145 7095
592 6986240 7079
593 6993319 7093
594 7000412 7096
595 7007508 7062
596 7014570 7067
597 7021637 7026
598 7028663 7020
599 7035683 7068
600 7042751 7013
601 7049764 7048
602 7056812 7021
603 7063833 7000
604 7070833 6994
605 7077827 7013
606 7084840 7021
607 7091861 6978
608 7098839 6982
609 7105821 6955
610 7112776 6969
611 7119745 6970
612 7126715 6951
613 7133666 6950
614 7140616 6918
615 7147534 6930
616 7154464 6891
617 7161355 6894
618 7168249 6920
619 7175169 6902
620 7182071 6884
621 7188955 6894
622 7195849 6868
623 7202717 6892
624 7209609 6876
625 7216485 6885
626 7223370 6896
627 7230266 6872
628 7237138 6897
629 7244035 6859
630 7250894 6856
631 7257750 6876
632 7264626 6829
633 7271455 6837
634 7278292 6847
635 7285139 6798
636 7291937 6811
637 7298748 6799
638 7305547 6800
639 7312347 6789
640 7319136 6835
641 7325971 6769
642 7332740 6801
643 7339541 6769
644 7346310 6787
645 7353097 6750
646 7359847 6774
647 7366621 6769
648 7373390 6772
649 7380162 6759
650 7386921 6755
651 7393676 6739
652 7400415 6720
653 7407135 6705
654 7413840 6691
655 7420531 6735
656 7427266 6715
657 7433981 6703
658 7440684 6692
659 7447376 6666
660 7454042 6684
661 7460726 6677
662 7467403 6638
663 7474041 6632
664 7480673 6630
665 7487303 6645
666 7493948 6605
667 7500553 6584
668 7507137 6598
669 7513735 6578
670 7520313 6606
671 7526919 6614
672 7533533 6598
673 7540131 6579
674 7546710 6579
675 7553289 6564
676 7559853 6539
677 7566392 6534
678 7572926 6548
679 7579474 6536
680 7586010 6519
681 7592529 6599
682 7599128 6553
683 7605681 6507
684 7612188 6507
685 7618695 6498
686 7625193 6485
687 7631678 6518
688 7638196 6505
689 7644701 6472
690 7651173 6489
691 7657662 6495
692 7664157 6484
693 7670641 6476
694 7677117 6504
695 7683621 6491
696 7690112 6463
697 7696575 6458
698 7703033 6439
699 7709472 6474
700 7715946 6480
701 7722426 6434
702 7728860 6429
703 7735289 6428
704 7741717 6427
705 7748144 6437
706 7754581 6425
707 7761006 6437
708 7767443 6430
709 7773873 6467
710 7780340 6397
711 7786737 6401
712 7793138 6384
713 7799522 6367
714 7805889 6386
715 7812275 6381
716 7818656 6391
717 7825047 6369
718 7831416 6365
719 7837781 6355
720 7844136 6374
721 7850510 6346
722 7856856 6343
723 7863199 6352
724 7869551 6357
725 7875908 6359
726 7882267 6354
727 7888621 6376
728 7894997 6371
729 7901368 6300
730 7907668 6320
731 7913988 6396
732 7920384 6303
733 7926687 6340
734 7933027 6328
735 7939355 6334
736 7945689 6330
737 7952019 6313
738 7958332 6327
739 7964659 6292
740 7970951 6287
741 7977238 6303
742 7983541 6292
743 7989833 6294
744 7996127 6265
745 8002392 6261
746 8008653 6290
747 8014943 6298
748 8021241 6248
749 8027489 6256
750 8033745 6207
751 8039952 6231
752 8046183 6262
753 8052445 6246
754 8058691 6238
755 8064929 6262
756 8071191 6222
757 8077413 6222
758 8083635 6174
759 8089809 6232
760 8096041 6182
761 8102223 6187
762 8108410 6163
763 8114573 6180
764 8120753 6209
765 8126962 6166
766 8133128 6136
767 8139264 6117
768 8145381 6108
769 8151489 6161
770 8157650 6090
771 8163740 6089
772 8169829 6088
773 8175917 6082
774 8181999 6083
775 8188082 6089
776 8194171 6072
777 8200243 6037
778 8206280 6042
779 8212322 6026
780 8218348 6087
781 8224435 6042
782 8230477 6030
783 8236507 5993
784 8242500 5961
785 8248461 5962
786 8254423 5962
787 8260385 5987
788 8266372 5954
789 8272326 5944
790 8278270 5928
791 8284198 5939
792 8290137 5911
793 8296048 5995
794 8302043 5939
795 8307982 5961
796 8313943 5917
797 8319860 5910
798 8325770 5964
799 8331734 5892
800 8337626 5922
801 8343548 5887
802 8349435 5945
803 8355380 5940
804 8361320 5882
805 8367202 5890
806 8373092 5893
807 8378985 5891
808 8384876 5892
809 8390768 5885
810 8396653 5851
811 8402504 5842
812 8408346 5880
813 8414226 5838
814 8420064 5843
815 8425907 5813
816 8431720 5832
817 8437552 5904
818 8443456 5840
819 8449296 5816
820 8455112 5833
821 8460945 5807
822 8466752 5816
823 8472568 5798
824 8478366 5813
825 8484179 5806
826 8489985 5827
827 8495812 5817
828 8501629 5791
829 8507420 5816
830 8513236 5817
831 8519053 5787
832 8524840 5783
833 8530623 5768
834 8536391 5802
835 8542193 5791
836 8547984 5765
837 8553749 5758
838 8559507 5729
839 8565236 5754
840 8570990 5784
841 8576774 5759
842 8582533 5770
843 8588303 5759
844 8594062 5758
845 8599820 5727
846 8605547 5717
847 8611264 5700
848 8616964 5757
849 8622721 5747
850 8628468 5696
851 8634164 5690
852 8639854 5699
853 8645553 5723
854 8651276 5742
855 8657018 5696
856 8662714 5699
857 8668413 5693
858 8674106 5688
859 8679794 5661
860 8685455 5681
861 8691136 5706
862 8696842 5706
863 8702548 5687
864 8708235 5676
865 8713911 5661
866 8719572 5647
867 8725219 5680
868 8730899 5657
869 8736556 5656
870 8742212 5621
871 8747833 5633
872 8753466 5666
873 8759132 5661
874 8764793 5607
875 8770400 5611
876 8776011 5642
877 8781653 5626
878 8787279 5618
879 8792897 5615
880 8798512 5612
881 8804124 5652
882 8809776 5595
883 8815371 5618
884 8820989 5598
885 8826587 5579
886 8832166 5573
887 8837739 5580
888 8843319 5548
889 8848867 5579
890 8854446 5557
891 8860003 5544
892 8865547 5557
893 8871104 5521
894 8876625 5559
895 8882184 5569
896 8887753 5540
897 8893293 5537
898 8898830 5494
899 8904324 5560
900 8909884 5540
901 8915424 5505
902 8920929 5534
903 8926463 5539
904 8932002 5498
905 8937500 5542
906 8943042 5512
907 8948554 5499
908 8954053 5496
909 8959549 5540
910 8965089 5493
911 8970582 5514
912 8976096 5562
913 8981658 5490
914 8987148 5512
915 8992660 5493
916 8998153 5487
917 9003640 5450
918 9009090 5476
919 9014566 5453
920 9020019 5475
921 9025494 5478
922 9030972 5415
923 9036387 5456
924 9041843 5455
925 9047298 5427
926 9052725 5456
927 9058181 5453
928 9063634 5481
929 9069115 5448
930 9074563 5469
931 9080032 5414
932 9085446 5421
933 9090867 5429
934 9096296 5417
935 9101713 5420
936 9107133 5486
937 9112619 5478
938 9118097 5469
939 9123566 5444
940 9129010 5389
941 9134399 5446
942 9139845 5414
943 9145259 5399
944 9150658 5377
945 9156035 5376
946 9161411 5428
947 9166839 5371
948 9172210 5404
949 9177614 5389
950 9183003 5379
951 9188382 5377
952 9193759 5427
953 9199186 5384
954 9204570 5382
955 9209952 5361
956 9215313 5391
957 9220704 5363
958 9226067 5377
959 9231444 5356
960 9236800 5359
961 9242159 5356
962 9247515 5327
963 9252842 5337
964 9258179 5342
965 9263521 5322
966 9268843 5337
967 9274180 5331
968 9279511 5355
969 9284866 5331
970 9290197 5337
971 9295534 5308
972 9300842 5373
973 9306215 5319
974 9311534 5323
975 9316857 5304
976 9322161 5320
977 9327481 5322
978 9332803 5314
979 9338117 5363
980 9343480 5303
981 9348783 5274
982 9354057 5313
983 9359370 5338
984 9364708 5300
985 9370008 5324
986 9375332 5282
987 9380614 5262
988 9385876 5275
989 9391151 5281
990 9396432 5273
991 9401705 5266
992 9406971 5267
993 9412238 5265
994 9417503 5252
995 9422755 5253
996 9428008 5247
997 9433255 5244
998 9438499 5257
999 9443756 5260
1000 9449016 5262
1001 9454278 5260
1002 9459538 5253
1003 9464791 5255
1004 9470046 5239
1005 9475285 5225
1006 9480510 5232
1007 9485742 5256
1008 9490998 5284
1009 9496282 5228
1010 9501510 5219
1011 9506729 5197
1012 9511926 5224
1013 9517150 5196
1014 9522346 5229
1015 9527575 5217
1016 9532792 5205
1017 9537997 5202
1018 9543199 5201
1019 9548400 5182
1020 9553582 5179
1021 9558761 5191
1022 9563952 5173
1023 9569125 5201
1024 9574326 5166
1025 9579492 5183
1026 9584675 5141
1027 9589816 5180
1028 9594996 5177
1029 9600173 5210
1030 9605383 5107
1031 9610490 5155
1032 9615645 5150
1033 9620795 5164
1034 9625959 5179
1035 9631138 5134
1036 9636272 5121
1037 9641393 5118
1038 9646511 5094
1039 9651605 5106
1040 9656711 5145
1041 9661856 5098
1042 9666954 5134
1043 9672088 5087
1044 9677175 5120
1045 9682295 5119
1046 9687414 5092
1047 9692506 5115
1048 9697621 5040
1049 9702661 5090
1050 9707751 5074
1051 9712825 5084
1052 9717909 5077
1053 9722986 5104
1054 9728090 5094
1055 9733184 5082
1056 9738266 5063
1057 9743329 5104
1058 9748433 5048
1059 9753481 5054
1060 9758535 5045
1061 9763580 5022
1062 9768602 5064
1063 9773666 5047
1064 9778713 5032
1065 9783745 5079
1066 9788824 5109
1067 9793933 5009
1068 9798942 5003
1069 9803945 5050
1070 9808995 4996
1071 9813991 5026
1072 9819017 5013
1073 9824030 5015
1074 9829045 4995
1075 9834040 5019
1076 9839059 5010
1077 9844069 4967
1078 9849036 4989
1079 9854025 5004
1080 9859029 4974
1081 9864003 4970
1082 9868973 4953
1083 9873926 4960
1084 9878886 4972
1085 9883858 4973
1086 9888831 4951
1087 9893782 4979
1088 9898761 4983
1089 9903744 4948
1090 9908692 4937
1091 9913629 4925
1092 9918554 4880
1093 9923434 4961
1094 9928395 4899
1095 9933294 4896
1096 9938190 4970
1097 9943160 4935
1098 9948095 4912
1099 9953007 4874
1100 9957881 4886
1101 9962767 4849
1102 9967616 4909
1103 9972525 4840
1104 9977365 4857
1105 9982222 4840
1106 9987062 4848
1107 9991910 4862
1108 9996772 4852
1109 10001624 4837
1110 10006461 4893
1111 10011354 4797
1112 10016151 4833
1113 10020984 4831
1114 10025815 4833
1115 10030648 4825
1116 10035473 4830
1117 10040303 4844
1118 10045147 4820
1119 10049967 4785
1120 10054752 4813
1121 10059565 4809
1122 10064374 4814
1123 10069188 4787
1124 10073975 4794
1125 10078769 4820
1126 10083589 4793
1127 10088382 4809
1128 10093191 4782
1129 10097973 4807
1130 10102780 4818
1131 10107598 4774
1132 10112372 4798
1133 10117170 4795
1134 10121965 4787
1135 10126752 4770
1136 10131522 4809
1137 10136331 4772
1138 10141103 4754
1139 10145857 4732
1140 10150589 4789
1141 10155378 4789
1142 10160167 4775
1143 10164942 4801
1144 10169743 4757
1145 10174500 4731
1146 10179231 4718
1147 10183949 4754
1148 10188703 4775
1149 10193478 4748
1150 10198226 4750
1151 10202976 4733
1152 10207709 4742
1153 10212451 4760
1154 10217211 4749
1155 10221960 4704
1156 10226664 4706
1157 10231370 4746
1158 10236116 4708
1159 10240824 4730
1160 10245554 4704
1161 10250258 4703
1162 10254961 4696
1163 10259657 4673
1164 10264330 4728
1165 10269058 4674
1166 10273732 4718
1167 10278450 4685
1168 10283135 4698
1169 10287833 4716
1170 10292549 4693
1171 10297242 4671
1172 10301913 4687
1173 10306600 4698
1174 10311298 4703
1175 10316001 4699
1176 10320700 4703
1177 10325403 4693
1178 10330096 4667
1179 10334763 4709
1180 10339472 4709
1181 10344181 4657
1182 10348838 4676
1183 10353514 4683
1184 10358197 4640
1185 10362837 4635
1186 10367472 4650
1187 10372122 4639
1188 10376761 4702
1189 10381463 4647
1190 10386110 4626
1191 10390736 4626
1192 10395362 4622
1193 10399984 4640
1194 10404624 4639
1195 10409263 4621
1196 10413884 4604
1197 10418488 4606
1198 10423094 4601
1199 10427695 4630
1200 10432325 4599
1201 10436924 4630
1202 10441554 4631
1203 10446185 4652
1204 10450837 4590
1205 10455427 4583
1206 10460010 4609
1207 10464619 4618
1208 10469237 4580
1209 10473817 4575
1210 10478392 4576
1211 10482968 4614
1212 10487582 4597
1213 10492179 4572
1214 10496751 4596
1215 10501347 4593
1216 10505940 4616
1217 10510556 4590
1218 10515146 4557
1219 10519703 4594
1220 10524297 4587
1221 10528884 4568
1222 10533452 4590
1223 10538042 4561
1224 10542603 4550
1225 10547153 4548
1226 10551701 4547
1227 10556248 4557
1228 10560805 4543
1229 10565348 4558
1230 10569906 4532
1231 10574438 4510
1232 10578948 4508
1233 10583456 4520
1234 10587976 4485
1235 10592461 4513
1236 10596974 4505
1237 10601479 4518
1238 10605997 4549
1239 10610546 4533
1240 10615079 4507
1241 10619586 4514
1242 10624100 4516
1243 10628616 4525
1244 10633141 4492
1245 10637633 4498
1246 10642131 4494
1247 10646625 4499
1248 10651124 4479
1249 10655603 4475
1250 10660078 4464
1251 10664542 4505
1252 10669047 4470
1253 10673517 4447
1254 10677964 4480
1255 10682444 4479
1256 10686923 4489
1257 10691412 4468
1258 10695880 4440
1259 10700320 4452
1260 10704772 4465
1261 10709237 4449
1262 10713686 4488
1263 10718174 4444
1264 10722618 4459
1265 10727077 4414
1266 10731491 4439
1267 10735930 4435
1268 10740365 4440
1269 10744805 4443
1270 10749248 4428
1271 10753676 4390
1272 10758066 4441
1273 10762507 4435
1274 10766942 4395
1275 10771337 4405
1276 10775742 4447
1277 10780189 4401
1278 10784590 4404
1279 10788994 4428
1280 10793422 4419
1281 10797841 4406
1282 10802247 4408
1283 10806655 4399
1284 10811054 4371
1285 10815425 4381
1286 10819806 4377
1287 10824183 4385
1288 10828568 4393
1289 10832961 4410
1290 10837371 4371
1291 10841742 4405
1292 10846147 4382
1293 10850529 4390
1294 10854919 4338
1295 10859257 4443
1296 10863700 4366
1297 10868066 4406
1298 10872472 4376
1299 10876848 4372
1300 10881220 4381
1301 10885601 4391
1302 10889992 4377
1303 10894369 4335
1304 10898704 4332
1305 10903036 4341
1306 10907377 4396
1307 10911773 4404
1308 10916177 4316
1309 10920493 4339
1310 10924832 4333
1311 10929165 4332
1312 10933497 4346
1313 10937843 4314
1314 10942157 4312
1315 10946469 4322
1316 10950791 4329
1317 10955120 4319
1318 10959439 4286
1319 10963725 4306
1320 10968031 4293
1321 10972324 4280
1322 10976604 4273
1323 10980877 4323
1324 10985200 4312
1325 10989512 4302
1326 10993814 4321
1327 10998135 4297
1328 11002432 4304
1329 11006736 4273
1330 11011009 4260
1331 11015269 4296
1332 11019565 4308
1333 11023873 4258
1334 11028131 4340
1335 11032471 4261
1336 11036732 4274
1337 11041006 4243
1338 11045249 4238
1339 11049487 4255
1340 11053742 4232
1341 11057974 4250
1342 11062224 4276
1343 11066500 4223
1344 11070723 4234
1345 11074957 4232
1346 11079189 4224
1347 11083413 4224
1348 11087637 4243
1349 11091880 4262
1350 11096142 4251
1351 11100393 4212
1352 11104605 4236
1353 11108841 4200
1354 11113041 4217
1355 11117258 4197
1356 11121455 4198
1357 11125653 4235
1358 11129888 4225
1359 11134113 4237
1360 11138350 4203
1361 11142553 4185
1362 11146738 4233
1363 11150971 4177
1364 11155148 4199
1365 11159347 4168
1366 11163515 4181
1367 11167696 4182
1368 11171878 4191
1369 11176069 4201
1370 11180270 4198
1371 11184468 4164
1372 11188632 4192
1373 11192824 4175
1374 11196999 4159
1375 11201158 4170
1376 11205328 4145
1377 11209473 4171
1378 11213644 4152
1379 11217796 4150
1380 11221946 4172
1381 11226118 4175
1382 11230293 4172
1383 11234465 4165
1384 11238630 4137
1385 11242767 4164
1386 11246931 4116
1387 11251047 4128
1388 11255175 4111
1389 11259286 4178
1390 11263464 4112
1391 11267576 4162
1392 11271738 4112
1393 11275850 4138
1394 11279988 4114
1395 11284102 4107
1396 11288209 4104
1397 11292313 4102
1398 11296415 4108
1399 11300523 4083
1400 11304606 4090
1401 11308696 4115
1402 11312811 4072
1403 11316883 4113
1404 11320996 4107
1405 11325103 4052
1406 11329155 4061
1407 11333216 4111
1408 11337327 4086
1409 11341413 4049
1410 11345462 4069
1411 11349531 4050
1412 11353581 4122
1413 11357703 4086
1414 11361789 4060
1415 11365849 4050
1416 11369899 4077
1417 11373976 4097
1418 11378073 4104
1419 11382177 4073
1420 11386250 4098
1421 11390348 4065
1422 11394413 4045
1423 11398458 4067
1424 11402525 4030
1425 11406555 4026
1426 11410581 4048
1427 11414629 4030
1428 11418659 4036
1429 11422695 4055
1430 11426750 4053
1431 11430803 4071
1432 11434874 4023
1433 11438897 4034
1434 11442931 4037
1435 11446968 4018
1436 11450986 4028
1437 11455014 4040
1438 11459054 4044
1439 11463098 4035
1440 11467133 4076
1441 11471209 4040
1442 11475249 4017
1443 11479266 4010
1444 11483276 3987
1445 11487263 3994
1446 11491257 4025
1447 11495282 3986
1448 11499268 3978
1449 11503246 4008
1450 11507254 4009
1451 11511263 4009
1452 11515272 4004
1453 11519276 3965
1454 11523241 4006
1455 11527247 4016
1456 11531263 3997
1457 11535260 3985
1458 11539245 3993
1459 11543238 4004
1460 11547242 4006
1461 11551248 3996
1462 11555244 3948
1463 11559192 3991
1464 11563183 3963
1465 11567146 3978
1466 11571124 3961
1467 11575085 3998
1468 11579083 3951
1469 11583034 3934
1470 11586968 3931
1471 11590899 3975
1472 11594874 3970
1473 11598844 3949
1474 11602793 3948
1475 11606741 3902
1476 11610643 3931
1477 11614574 3922
1478 11618496 3936
1479 11622432 3960
1480 11626392 3942
1481 11630334 3977
1482 11634311 3917
1483 11638228 3960
1484 11642188 3944
1485 11646132 3906
1486 11650038 3921
1487 11653959 3884
1488 11657843 3938
1489 11661781 3916
1490 11665697 3917
1491 11669614 3930
1492 11673544 3933
1493 11677477 3903
1494 11681380 3898
1495 11685278 3896
1496 11689174 3875
1497 11693049 3874
1498 11696923 3853
1499 11700776 3842
1500 11704618 3916
1501 11708534 3882
1502 11712416 3896
1503 11716312 3866
1504 11720178 3851
1505 11724029 3893
1506 11727922 3894
1507 11731816 3879
1508 11735695 3875
1509 11739570 3883
1510 11743453 3900
1511 11747353 3884
1512 11751237 3839
1513 11755076 3839
1514 11758915 3851
1515 11762766 3873
1516 11766639 3846
1517 11770485 3874
1518 11774359 3823
1519 11778182 3830
1520 11782012 3823
1521 11785835 3838
1522 11789673 3838
1523 11793511 3808
1524 11797319 3872
1525 11801191 3825
1526 11805016 3813
1527 11808829 3850
1528 11812679 3823
1529 11816502 3878
1530 11820380 3823
1531 11824203 3831
1532 11828034 3830
1533 11831864 3836
1534 11835700 3798
1535 11839498 3796
1536 11843294 3790
1537 11847084 3817
1538 11850901 3802
1539 11854703 3792
1540 11858495 3805
1541 11862300 3815
1542 11866115 3801
1543 11869916 3808
1544 11873724 3803
1545 11877527 3797
1546 11881324 3791
1547 11885115 3786
1548 11888901 3831
1549 11892732 3798
1550 11896530 3791
1551 11900321 3787
1552 11904108 3810
1553 11907918 3787
1554 11911705 3806
1555 11915511 3821
1556 11919332 3762
1557 11923094 3775
1558 11926869 3777
1559 11930646 3772
1560 11934418 3770
1561 11938188 3745
1562 11941933 3758
1563 11945691 3768
1564 11949459 3788
1565 11953247 3748
1566 11956995 3766
1567 11960761 3771
1568 11964532 3757
1569 11968289 3792
1570 11972081 3725
1571 11975806 3760
1572 11979566 3746
1573 11983312 3760
1574 11987072 3748
1575 11990820 3803
1576 11994623 3743
1577 11998366 3715
1578 12002081 3742
1579 12005823 3749
1580 12009572 3768
1581 12013340 3741
1582 12017081 3717
1583 12020798 3713
1584 12024511 3724
1585 12028235 3740
1586 12031975 3706
1587 12035681 3753
1588 12039434 3722
1589 12043156 3747
1590 12046903 3693
1591 12050596 3721
1592 12054317 3721
1593 12058038 3743
1594 12061781 3707
1595 12065488 3704
1596 12069192 3684
1597 12072876 3702
1598 12076578 3725
1599 12080303 3697
1600 12084000 3714
1601 12087714 3678
1602 12091392 3670
1603 12095062 3702
1604 12098764 3717
1605 12102481 3692
1606 12106173 3692
1607 12109865 3691
1608 12113556 3664
1609 12117220 3693
1610 12120913 3691
1611 12124604 3682
1612 12128286 3650
1613 12131936 3676
1614 12135612 3680
1615 12139292 3659
1616 12142951 3687
1617 12146638 3649
1618 12150287 3671
1619 12153958 3659
1620 12157617 3642
1621 12161259 3661
1622 12164920 3635
1623 12168555 3632
1624 12172187 3663
1625 12175850 3655
1626 12179505 3644
1627 12183149 3675
1628 12186824 3641
1629 12190465 3677
1630 12194142 3658
1631 12197800 3674
1632 12201474 3615
1633 12205089 3636
1634 12208725 3673
1635 12212398 3615
1636 12216013 3662
1637 12219675 3618
1638 12223293 3646
1639 12226939 3628
1640 12230567 3639
1641 12234206 3628
1642 12237834 3650
1643 12241484 3605
1644 12245089 3631
1645 12248720 3625
1646 12252345 3611
1647 12255956 3634
1648 12259590 3623
1649 12263213 3593
1650 12266806 3646
1651 12270452 3620
1652 12274072 3623
1653 12277695 3622
1654 12281317 3596
1655 12284913 3590
1656 12288503 3631
1657 12292134 3577
1658 12295711 3605
1659 12299316 3626
1660 12302942 3594
1661 12306536 3568
1662 12310104 3597
1663 12313701 3595
1664 12317296 3589
1665 12320885 3627
1666 12324512 3574
1667 12328086 3599
1668 12331685 3574
1669 12335259 3592
1670 12338851 3583
1671 12342434 3570
1672 12346004 3587
1673 12349591 3560
1674 12353151 3583
1675 12356734 3547
1676 12360281 3583
1677 12363864 3586
1678 12367450 3563
1679 12371013 3545
1680 12374558 3605
1681 12378163 3562
1682 12381725 3545
1683 12385270 3554
1684 12388824 3537
1685 12392361 3543
1686 12395904 3555
1687 12399459 3536
1688 12402995 3527
1689 12406522 3533
1690 12410055 3559
1691 12413614 3531
1692 12417145 3547
1693 12420692 3549
1694 12424241 3536
1695 12427777 3538
1696 12431315 3518
1697 12434833 3549
1698 12438382 3540
1699 12441922 3526
1700 12445448 3517
1701 12448965 3556
1702 12452521 3521
1703 12456042 3495
1704 12459537 3515
1705 12463052 3510
1706 12466562 3510
1707 12470072 3527
1708 12473599 3487
1709 12477086 3526
1710 12480612 3524
1711 12484136 3552
1712 12487688 3519
1713 12491207 3496
1714 12494703 3512
1715 12498215 3499
1716 12501714 3503
1717 12505217 3515
1718 12508732 3506
1719 12512238 3480
1720 12515718 3481
1721 12519199 3467
1722 12522666 3506
1723 12526172 3507
1724 12529679 3517
1725 12533196 3489
1726 12536685 3473
1727 12540158 3492
1728 12543650 3485
1729 12547135 3506
1730 12550641 3481
1731 12554122 3461
1732 12557583 3483
1733 12561066 3464
1734 12564530 3452
1735 12567982 3460
1736 12571442 3446
1737 12574888 3435
1738 12578323 3465
1739 12581788 3465
1740 12585253 3484
1741 12588737 3442
1742 12592179 3431
1743 12595610 3424
1744 12599034 3454
1745 12602488 3466
1746 12605954 3472
1747 12609426 3462
1748 12612888 3470
1749 12616358 3462
1750 12619820 3503
1751 12623323 3449
1752 12626772 3464
1753 12630236 3432
1754 12633668 3425
1755 12637093 3413
1756 12640506 3432
1757 12643938 3430
1758 12647368 3414
1759 12650782 3399
1760 12654181 3420
1761 12657601 3419
1762 12661020 3439
1763 12664459 3434
1764 12667893 3437
1765 12671330 3430
1766 12674760 3422
1767 12678182 3418
1768 12681600 3402
1769 12685002 3421
1770 12688423 3412
1771 12691835 3368
1772 12695203 3424
1773 12698627 3395
1774 12702022 3383
1775 12705405 3397
1776 12708802 3372
1777 12712174 3431
1778 12715605 3378
1779 12718983 3376
1780 12722359 3405
1781 12725764 3400
1782 12729164 3371
1783 12732535 3386
1784 12735921 3398
1785 12739319 3348
1786 12742667 3410
1787 12746077 3383
1788 12749460 3423
1789 12752883 3320
1790 12756203 3364
1791 12759567 3376
1792 12762943 3388
1793 12766331 3349
1794 12769680 3354
1795 12773034 3386
1796 12776420 3357
1797 12779777 3376
1798 12783153 3355
1799 12786508 3360
1800 12789868 3355
1801 12793223 3338
1802 12796561 3353
1803 12799914 3338
1804 12803252 3341
1805 12806593 3360
1806 12809953 3351
1807 12813304 3380
1808 12816684 3351
1809 12820035 3415
1810 12823450 3359
1811 12826809 3342
1812 12830151 3327
1813 12833478 3341
1814 12836819 3315
1815 12840134 3341
1816 12843475 3356
1817 12846831 3302
1818 12850133 3350
1819 12853483 3317
1820 12856800 3356
1821 12860156 3311
1822 12863467 3318
1823 12866785 3308
1824 12870093 3304
1825 12873397 3313
1826 12876710 3320
1827 12880030 3344
1828 12883374 3321
1829 12886695 3309
1830 12890004 3300
1831 12893304 3285
1832 12896589 3286
1833 12899875 3282
1834 12903157 3320
1835 12906477 3247
1836 12909724 3287
1837 12913011 3320
1838 12916331 3276
1839 12919607 3338
1840 12922945 3284
1841 12926229 3301
1842 12929530 3268
1843 12932798 3279
1844 12936077 3284
1845 12939361 3300
1846 12942661 3261
1847 12945922 3255
1848 12949177 3308
1849 12952485 3260
1850 12955745 3250
1851 12958995 3262
1852 12962257 3267
1853 12965524 3244
1854 12968768 3228
1855 12971996 3239
1856 12975235 3231
1857 12978466 3243
1858 12981709 3221
1859 12984930 3212
1860 12988142 3229
1861 12991371 3254
1862 12994625 3209
1863 12997834 3238
1864 13001072 3234
1865 13004306 3190
1866 13007496 3222
1867 13010718 3214
1868 13013932 3222
1869 13017154 3241
1870 13020395 3215
1871 13023610 3178
1872 13026788 3233
1873 13030021 3268
1874 13033289 3186
1875 13036475 3199
1876 13039674 3175
1877 13042849 3188
1878 13046037 3170
1879 13049207 3160
1880 13052367 3183
1881 13055550 3203
1882 13058753 3183
1883 13061936 3164
1884 13065100 3184
1885 13068284 3199
1886 13071483 3180
1887 13074663 3225
1888 13077888 3205
1889 13081093 3166
1890 13084259 3164
1891 13087423 3187
1892 13090610 3175
1893 13093785 3165
1894 13096950 3141
1895 13100091 3131
1896 13103222 3170
1897 13106392 3146
1898 13109538 3133
1899 13112671 3137
1900 13115808 3150
1901 13118958 3133
1902 13122091 3132
1903 13125223 3136
1904 13128359 3144
1905 13131503 3140
1906 13134643 3157
1907 13137800 3123
1908 13140923 3120
1909 13144043 3136
1910 13147179 3155
1911 13150334 3131
1912 13153465 3116
1913 13156581 3100
1914 13159681 3132
1915 13162813 3122
1916 13165935 3147
1917 13169082 3142
1918 13172224 3124
1919 13175348 3103
1920 13178451 3091
1921 13181542 3128
1922 13184670 3102
1923 13187772 3089
1924 13190861 3097
1925 13193958 3117
1926 13197075 3101
1927 13200176 3100
1928 13203276 3063
1929 13206339 3097
1930 13209436 3081
1931 13212517 3102
1932 13215619 3079
1933 13218698 3086
1934 13221784 3098
1935 13224882 3106
1936 13227988 3065
1937 13231053 3055
1938 13234108 3091
1939 13237199 3078
1940 13240277 3146
1941 13243423 3059
1942 13246482 3081
1943 13249563 3053
1944 13252616 3046
1945 13255662 3094
1946 13258756 3079
1947 13261835 3080
1948 13264915 3055
1949 13267970 3084
1950 13271054 3085
1951 13274139 3022
1952 13277161 3054
1953 13280215 3039
1954 13283254 3056
1955 13286310 3051
1956 13289361 3024
1957 13292385 3097
1958 13295482 3035
1959 13298517 3041
1960 13301558 3024
1961 13304582 3035
1962 13307617 3070
1963 13310687 3015
1964 13313702 3035
1965 13316737 3027
1966 13319764 3006
1967 13322770 3044
1968 13325814 3039
1969 13328853 3008
1970 13331861 2995
1971 13334856 3031
1972 13337887 3038
1973 13340925 3062
1974 13343987 2993
1975 13346980 3030
1976 13350010 2999
1977 13353009 2990
1978 13355999 3003
1979 13359002 2973
1980 13361975 2978
1981 13364953 2977
1982 13367930 3026
1983 13370956 3037
1984 13373993 2972
1985 13376965 2957
1986 13379922 2977
1987 13382899 2980
1988 13385879 2954
1989 13388833 3009
1990 13391842 2974
1991 13394816 2966
1992 13397782 2961
1993 13400743 2947
1994 13403690 2951
1995 13406641 2976
1996 13409617 2966
1997 13412583 2984
1998 13415567 2960
1999 13418527 2950
2000 13421477 2961
2001 13424438 2958
2002 13427396 2970
2003 13430366 2959
2004 13433325 2960
2005 13436285 2962
2006 13439247 2927
2007 13442174 2968
2008 13445142 2960
2009 13448102 2955
2010 13451057 2984
2011 13454041 2964
2012 13457005 2943
2013 13459948 2956
2014 13462904 2925
2015 13465829 2935
2016 13468764 2905
2017 13471669 2936
2018 13474605 2916
2019 13477521 2905
2020 13480426 2902
2021 13483328 2921
2022 13486249 2909
2023 13489158 2889
2024 13492047 2930
2025 13494977 2922
2026 13497899 2894
2027 13500793 2891
2028 13503684 2914
2029 13506598 2889
2030 13509487 2907
2031 13512394 2886
2032 13515280 2927
2033 13518207 2912
2034 13521119 2906
2035 13524025 2887
2036 13526912 2892
2037 13529804 2870
2038 13532674 2914
2039 13535588 2895
2040 13538483 2893
2041 13541376 2901
2042 13544277 2857
2043 13547134 2851
2044 13549985 2860
2045 13552845 2910
2046 13555755 2856
2047 13558611 2865
2048 13561476 2932
2049 13564408 2853
2050 13567261 2872
2051 13570133 2865
2052 13572998 2839
2053 13575837 2860
2054 13578697 2836
2055 13581533 2828
2056 13584361 2861
2057 13587222 2870
2058 13590092 2827
2059 13592919 2861
2060 13595780 2836
2061 13598616 2861
2062 13601477 2830
2063 13604307 2841
2064 13607148 2840
2065 13609988 2840
2066 13612828 2834
2067 13615662 2860
2068 13618522 2876
2069 13621398 2856
2070 13624254 2826
2071 13627080 2817
2072 13629897 2871
2073 13632768 2845
2074 13635613 2795
2075 13638408 2808
2076 13641216 2850
2077 13644066 2826
2078 13646892 2906
2079 13649798 2788
2080 13652586 2839
2081 13655425 2810
2082 13658235 2819
2083 13661054 2811
2084 13663865 2798
2085 13666663 2815
2086 13669478 2828
2087 13672306 2852
2088 13675158 2862
2089 13678020 2801
2090 13680821 2836
2091 13683657 2819
2092 13686476 2785
2093 13689261 2783
2094 13692044 2792
2095 13694836 2768
2096 13697604 2757
2097 13700361 2801
2098 13703162 2775
2099 13705937 2771
2100 13708708 2776
2101 13711484 2758
2102 13714242 2803
2103 13717045 2752
2104 13719797 2803
2105 13722600 2783
2106 13725383 2760
2107 13728143 2776
2108 13730919 2760
2109 13733679 2744
2110 13736423 2738
2111 13739161 2765
2112 13741926 2761
2113 13744687 2740
2114 13747427 2748
2115 13750175 2728
2116 13752903 2773
2117 13755676 2773
2118 13758449 2752
2119 13761201 2721
2120 13763922 2735
2121 13766657 2723
2122 13769380 2737
2123 13772117 2744
2124 13774861 2748
2125 13777609 2729
2126 13780338 2704
2127 13783042 2718
2128 13785760 2719
2129 13788479 2720
2130 13791199 2790
2131 13793989 2700
2132 13796689 2708
2133 13799397 2701
2134 13802098 2730
2135 13804828 2724
2136 13807552 2718
2137 13810270 2709
2138 13812979 2715
2139 13815694 2722
2140 13818416 2729
2141 13821145 2753
2142 13823898 2702
2143 13826600 2708
2144 13829308 2696
2145 13832004 2726
2146 13834730 2747
2147 13837477 2703
2148 13840180 2695
2149 13842875 2751
2150 13845626 2689
2151 13848315 2689
2152 13851004 2716
2153 13853720 2670
2154 13856390 2680
2155 13859070 2714
2156 13861784 2703
2157 13864487 2715
2158 13867202 2682
2159 13869884 2663
2160 13872547 2700
2161 13875247 2713
2162 13877960 2696
2163 13880656 2693
2164 13883349 2678
2165 13886027 2692
2166 13888719 2735
2167 13891454 2671
2168 13894125 2679
2169 13896804 2660
2170 13899464 2679
2171 13902143 2670
2172 13904813 2634
2173 13907447 2666
2174 13910113 2674
2175 13912787 2643
2176 13915430 2654
2177 13918084 2686
2178 13920770 2668
2179 13923438 2648
2180 13926086 2634
2181 13928720 2636
2182 13931356 2621
2183 13933977 2635
2184 13936612 2632
2185 13939244 2624
2186 13941868 2637
2187 13944505 2620
2188 13947125 2614
2189 13949739 2630
2190 13952369 2663
2191 13955032 2629
2192 13957661 2627
2193 13960288 2621
2194 13962909 2647
2195 13965556 2651
2196 13968207 2613
2197 13970820 2601
2198 13973421 2625
2199 13976046 2628
2200 13978674 2614
2201 13981288 2614
2202 13983902 2617
2203 13986519 2599
2204 13989118 2645
2205 13991763 2599
2206 13994362 2602
2207 13996964 2589
2208 13999553 2630
2209 14002183 2612
2210 14004795 2590
2211 14007385 2616
2212 14010001 2596
2213 14012597 2580
2214 14015177 2613
2215 14017790 2602
2216 14020392 2594
2217 14022986 2609
2218 14025595 2591
2219 14028186 2587
2220 14030773 2590
2221 14033363 2584
2222 14035947 2595
2223 14038542 2565
2224 14041107 2600
2225 14043707 2680
2226 14046387 2546
2227 14048933 2588
2228 14051521 2593
2229 14054114 2553
2230 14056667 2579
2231 14059246 2557
2232 14061803 2576
2233 14064379 2557
2234 14066936 2590
2235 14069526 2557
2236 14072083 2546
2237 14074629 2563
2238 14077192 2552
2239 14079744 2552
2240 14082296 2566
2241 14084862 2577
2242 14087439 2580
2243 14090019 2555
2244 14092574 2597
2245 14095171 2533
2246 14097704 2536
2247 14100240 2520
2248 14102760 2566
2249 14105326 2570
2250 14107896 2547
2251 14110443 2532
2252 14112975 2539
2253 14115514 2568
2254 14118082 2588
2255 14120670 2538
2256 14123208 2505
2257 14125713 2520
2258 14128233 2546
2259 14130779 2541
2260 14133320 2530
2261 14135850 2532
2262 14138382 2540
2263 14140922 2550
2264 14143472 2516
2265 14145988 2548
2266 14148536 2555
2267 14151091 2527
2268 14153618 2533
2269 14156151 2499
2270 14158650 2506
2271 14161156 2511
2272 14163667 2516
2273 14166183 2533
2274 14168716 2496
2275 14171212 2536
2276 14173748 2515
2277 14176263 2499
2278 14178762 2483
2279 14181245 2537
2280 14183782 2553
2281 14186335 2511
2282 14188846 2480
2283 14191326 2473
2284 14193799 2490
2285 14196289 2509
2286 14198798 2510
2287 14201308 2472
2288 14203780 2542
2289 14206322 2513
2290 14208835 2487
2291 14211322 2539
2292 14213861 2475
2293 14216336 2482
2294 14218818 2491
2295 14221309 2541
2296 14223850 2473
2297 14226323 2473
2298 14228796 2490
2299 14231286 2503
2300 14233789 2528
2301 14236317 2466
2302 14238783 2508
2303 14241291 2484
2304 14243775 2481
2305 14246256 2485
2306 14248741 2504
2307 14251245 2487
2308 14253732 2446
2309 14256178 2481
2310 14258659 2484
2311 14261143 2447
2312 14263590 2432
2313 14266022 2485
2314 14268507 2458
2315 14270965 2461
2316 14273426 2477
2317 14275903 2448
2318 14278351 2450
2319 14280801 2473
2320 14283274 2470
2321 14285744 2435
2322 14288179 2467
2323 14290646 2437
2324 14293083 2416
2325 14295499 2447
2326 14297946 2404
2327 14300350 2409
2328 14302759 2449
2329 14305208 2407
2330 14307615 2447
2331 14310062 2422
2332 14312484 2435
2333 14314919 2438
2334 14317357 2424
2335 14319781 2437
2336 14322218 2440
2337 14324658 2422
2338 14327080 2444
2339 14329524 2410
2340 14331934 2415
2341 14334349 2437
2342 14336786 2396
2343 14339182 2385
2344 14341567 2396
2345 14343963 2431
2346 14346394 2410
2347 14348804 2399
2348 14351203 2402
2349 14353605 2458
2350 14356063 2379
2351 14358442 2399
2352 14360841 2406
2353 14363247 2438
2354 14365685 2408
2355 14368093 2374
2356 14370467 2389
2357 14372856 2399
2358 14375255 2429
2359 14377684 2394
2360 14380078 2402
2361 14382480 2407
2362 14384887 2367
2363 14387254 2377
2364 14389631 2386
2365 14392017 2385
2366 14394402 2402
2367 14396804 2394
2368 14399198 2371
2369 14401569 2376
2370 14403945 2355
2371 14406300 2372
2372 14408672 2382
2373 14411054 2346
2374 14413400 2352
2375 14415752 2370
2376 14418122 2348
2377 14420470 2337
2378 14422807 2369
2379 14425176 2351
2380 14427527 2353
2381 14429880 2352
2382 14432232 2341
2383 14434573 2401
2384 14436974 2367
2385 14439341 2362
2386 14441703 2372
2387 14444075 2338
2388 14446413 2337
2389 14448750 2343
2390 14451093 2329
2391 14453422 2323
2392 14455745 2362
2393 14458107 2339
2394 14460446 2305
2395 14462751 2310
2396 14465061 2328
2397 14467389 2380
2398 14469769 2311
2399 14472080 2326
2400 14474406 2339
2401 14476745 2320
2402 14479065 2334
2403 14481399 2294
2404 14483693 2314
2405 14486007 2287
2406 14488294 2309
2407 14490603 2317
2408 14492920 2318
2409 14495238 2288
2410 14497526 2350
2411 14499876 2343
2412 14502219 2297
2413 14504516 2282
2414 14506798 2298
2415 14509096 2307
2416 14511403 2338
2417 14513741 2305
2418 14516046 2340
2419 14518386 2292
2420 14520678 2295
2421 14522973 2266
2422 14525239 2309
2423 14527548 2301
2424 14529849 2310
2425 14532159 2299
2426 14534458 2274
2427 14536732 2276
2428 14539008 2268
2429 14541276 2329
2430 14543605 2244
2431 14545849 2314
2432 14548163 2341
2433 14550504 2255
2434 14552759 2258
2435 14555017 2263
2436 14557280 2310
2437 14559590 2261
2438 14561851 2257
2439 14564108 2306
2440 14566414 2237
2441 14568651 2268
2442 14570919 2278
2443 14573197 2283
2444 14575480 2261
2445 14577741 2306
2446 14580047 2264
2447 14582311 2296
2448 14584607 2250
2449 14586857 2249
2450 14589106 2250
2451 14591356 2222
2452 14593578 2226
2453 14595804 2217
2454 14598021 2242
2455 14600263 2217
2456 14602480 2220
2457 14604700 2238
2458 14606938 2208
2459 14609146 2233
2460 14611379 2202
2461 14613581 2198
2462 14615779 2222
2463 14618001 2301
2464 14620302 2201
2465 14622503 2217
2466 14624720 2221
2467 14626941 2243
2468 14629184 2233
2469 14631417 2204
2470 14633621 2218
2471 14635839 2191
2472 14638030 2204
2473 14640234 2187
2474 14642421 2189
2475 14644610 2212
2476 14646822 2242
2477 14649064 2253
2478 14651317 2236
2479 14653553 2195
2480 14655748 2170
2481 14657918 2229
2482 14660147 2214
2483 14662361 2183
2484 14664544 2195
2485 14666739 2179
2486 14668918 2216
2487 14671134 2165
2488 14673299 2171
2489 14675470 2205
2490 14677675 2199
2491 14679874 2153
2492 14682027 2184
2493 14684211 2169
2494 14686380 2176
2495 14688556 2231
2496 14690787 2166
2497 14692953 2171
2498 14695124 2170
2499 14697294 2169
2500 14699463 2147
2501 14701610 2170
2502 14703780 2161
2503 14705941 2200
2504 14708141 2151
2505 14710292 2155
2506 14712447 2179
2507 14714626 2156
2508 14716782 2172
2509 14718954 2193
2510 14721147 2152
2511 14723299 2143
2512 14725442 2144
2513 14727586 2164
2514 14729750 2152
2515 14731902 2168
2516 14734070 2202
2517 14736272 2158
2518 14738430 2132
2519 14740562 2138
2520 14742700 2123
2521 14744823 2131
2522 14746954 2141
2523 14749095 2160
2524 14751255 2142
2525 14753397 2155
2526 14755552 2123
2527 14757675 2184
2528 14759859 2105
2529 14761964 2094
2530 14764058 2087
2531 14766145 2106
2532 14768251 2142
2533 14770393 2171
2534 14772564 2107
2535 14774671 2166
2536 14776837 2094
2537 14778931 2113
2538 14781044 2105
2539 14783149 2138
2540 14785287 2090
2541 14787377 2091
2542 14789468 2089
2543 14791557 2114
2544 14793671 2098
2545 14795769 2103
2546 14797872 2121
2547 14799993 2084
2548 14802077 2066
2549 14804143 2083
2550 14806226 2104
2551 14808330 2118
2552 14810448 2095
2553 14812543 2109
2554 14814652 2079
2555 14816731 2085
2556 14818816 2105
2557 14820921 2099
2558 14823020 2080
2559 14825100 2077
2560 14827177 2099
2561 14829276 2075
2562 14831351 2088
2563 14833439 2088
2564 14835527 2066
2565 14837593 2058
2566 14839651 2045
2567 14841696 2060
2568 14843756 2068
2569 14845824 2075
2570 14847899 2078
2571 14849977 2093
2572 14852070 2133
2573 14854203 2088
2574 14856291 2051
2575 14858342 2075
2576 14860417 2105
2577 14862522 2048
2578 14864570 2053
2579 14866623 2032
2580 14868655 2036
2581 14870691 2082
2582 14872773 2047
2583 14874820 2059
2584 14876879 2077
2585 14878956 2056
2586 14881012 2057
2587 14883069 2050
2588 14885119 2009
2589 14887128 2048
2590 14889176 2030
2591 14891206 1994
2592 14893200 2013
2593 14895213 2037
2594 14897250 2079
2595 14899329 2056
2596 14901385 2032
2597 14903417 1996
2598 14905413 2003
2599 14907416 2037
2600 14909453 2035
2601 14911488 2012
2602 14913500 1972
2603 14915472 2020
2604 14917492 2017
2605 14919509 2022
2606 14921531 2011
2607 14923542 2000
2608 14925542 2019
2609 14927561 2018
2610 14929579 2011
2611 14931590 2009
2612 14933599 2008
2613 14935607 1994
2614 14937601 1984
2615 14939585 1980
2616 14941565 1967
2617 14943532 2044
2618 14945576 1969
2619 14947545 1996
2620 14949541 1964
2621 14951505 1991
2622 14953496 1965
2623 14955461 1973
2624 14957434 2002
2625 14959436 1994
2626 14961430 1992
2627 14963422 1997
2628 14965419 1956
2629 14967375 1963
2630 14969338 1994
2631 14971332 1994
2632 14973326 1979
2633 14975305 1983
2634 14977288 1974
2635 14979262 1957
2636 14981219 1955
2637 14983174 1979
2638 14985153 1965
2639 14987118 1954
2640 14989072 1959
2641 14991031 1970
2642 14993001 1933
2643 14994934 1936
2644 14996870 1968
2645 14998838 1966
2646 15000804 1922
2647 15002726 1935
2648 15004661 1932
2649 15006593 1937
2650 15008530 1936
2651 15010466 1966
2652 15012432 1948
2653 15014380 1915
2654 15016295 1940
2655 15018235 1942
2656 15020177 1924
2657 15022101 1949
2658 15024050 1946
2659 15025996 1953
2660 15027949 1910
2661 15029859 1968
2662 15031827 1937
2663 15033764 1894
2664 15035658 1952
2665 15037610 1936
2666 15039546 1959
2667 15041505 1912
2668 15043417 1921
2669 15045338 1906
2670 15047244 1927
2671 15049171 1934
2672 15051105 1896
2673 15053001 1903
2674 15054904 1910
2675 15056814 1969
2676 15058783 1917
2677 15060700 1902
2678 15062602 1919
2679 15064521 1877
2680 15066398 1888
2681 15068286 1867
2682 15070153 1941
2683 15072094 1879
2684 15073973 1911
2685 15075884 1885
2686 15077769 1898
2687 15079667 1887
2688 15081554 1887
2689 15083441 1872
2690 15085313 1846
2691 15087159 1889
2692 15089048 1857
2693 15090905 1868
2694 15092773 1856
2695 15094629 1881
2696 15096510 1874
2697 15098384 1875
2698 15100259 1875
2699 15102134 1897
2700 15104031 1889
2701 15105920 1873
2702 15107793 1865
2703 15109658 1870
2704 15111528 1875
2705 15113403 1837
2706 15115240 1890
2707 15117130 1846
2708 15118976 1869
2709 15120845 1878
2710 15122723 1873
2711 15124596 1866
2712 15126462 1835
2713 15128297 1840
2714 15130137 1838
2715 15131975 1829
2716 15133804 1857
2717 15135661 1849
2718 15137510 1863
2719 15139373 1849
2720 15141222 1835
2721 15143057 1838
2722 15144895 1842
2723 15146737 1852
2724 15148589 1817
2725 15150406 1837
2726 15152243 1828
2727 15154071 1793
2728 15155864 1857
2729 15157721 1817
2730 15159538 1837
2731 15161375 1851
2732 15163226 1848
2733 15165074 1813
2734 15166887 1887
2735 15168774 1815
2736 15170589 1808
2737 15172397 1809
2738 15174206 1826
2739 15176032 1803
2740 15177835 1806
2741 15179641 1815
2742 15181456 1825
2743 15183281 1768
2744 15185049 1780
2745 15186829 1799
2746 15188628 1791
2747 15190419 1806
2748 15192225 1795
2749 15194020 1794
2750 15195814 1792
2751 15197606 1806
2752 15199412 1778
2753 15201190 1809
2754 15202999 1771
2755 15204770 1814
2756 15206584 1783
2757 15208367 1784
2758 15210151 1767
2759 15211918 1791
2760 15213709 1786
2761 15215495 1801
2762 15217296 1788
2763 15219084 1812
2764 15220896 1786
2765 15222682 1793
2766 15224475 1741
2767 15226216 1799
2768 15228015 1776
2769 15229791 1797
2770 15231588 1758
2771 15233346 1781
2772 15235127 1762
2773 15236889 1757
2774 15238646 1776
2775 15240422 1802
2776 15242224 1764
2777 15243988 1756
2778 15245744 1785
2779 15247529 1787
2780 15249316 1760
2781 15251076 1754
2782 15252830 1744
2783 15254574 1751
2784 15256325 1743
2785 15258068 1765
2786 15259833 1742
2787 15261575 1755
2788 15263330 1749
2789 15265079 1747
2790 15266826 1773
2791 15268599 1753
2792 15270352 1724
2793 15272076 1777
2794 15273853 1758
2795 15275611 1743
2796 15277354 1756
2797 15279110 1728
2798 15280838 1710
2799 15282548 1746
2800 15284294 1703
2801 15285997 1726
2802 15287723 1728
2803 15289451 1723
2804 15291174 1718
2805 15292892 1760
2806 15294652 1715
2807 15296367 1690
2808 15298057 1750
2809 15299807 1735
2810 15301542 1711
2811 15303253 1692
2812 15304945 1737
2813 15306682 1711
2814 15308393 1717
2815 15310110 1704
2816 15311814 1714
2817 15313528 1708
2818 15315236 1701
2819 15316937 1714
2820 15318651 1707
2821 15320358 1730
2822 15322088 1716
2823 15323804 1684
2824 15325488 1690
2825 15327178 1700
2826 15328878 1688
2827 15330566 1681
2828 15332247 1655
2829 15333902 1673
2830 15335575 1685
2831 15337260 1659
2832 15338919 1688
2833 15340607 1675
2834 15342282 1694
2835 15343976 1682
2836 15345658 1669
2837 15347327 1657
2838 15348984 1657
2839 15350641 1658
2840 15352299 1662
2841 15353961 1666
2842 15355627 1653
2843 15357280 1661
2844 15358941 1689
2845 15360630 1630
2846 15362260 1629
2847 15363889 1651
2848 15365540 1665
2849 15367205 1645
2850 15368850 1665
2851 15370515 1656
2852 15372171 1662
2853 15373833 1710
2854 15375543 1637
2855 15377180 1639
2856 15378819 1630
2857 15380449 1664
2858 15382113 1703
2859 15383816 1619
2860 15385435 1600
2861 15387035 1643
2862 15388678 1644
2863 15390322 1619
2864 15391941 1643
2865 15393584 1641
2866 15395225 1615
2867 15396840 1622
2868 15398462 1615
2869 15400077 1647
2870 15401724 1620
2871 15403344 1645
2872 15404989 1667
2873 15406656 1605
2874 15408261 1633
2875 15409894 1612
2876 15411506 1612
2877 15413118 1639
2878 15414757 1642
2879 15416399 1597
2880 15417996 1634
2881 15419630 1613
2882 15421243 1631
2883 15422874 1615
2884 15424489 1623
2885 15426112 1600
2886 15427712 1641
2887 15429353 1601
2888 15430954 1606
2889 15432560 1606
2890 15434166 1598
2891 15435764 1651
2892 15437415 1586
2893 15439001 1610
2894 15440611 1621
2895 15442232 1590
2896 15443822 1569
2897 15445391 1624
2898 15447015 1614
2899 15448629 1578
2900 15450207 1576
2901 15451783 1606
2902 15453389 1578
2903 15454967 1571
2904 15456538 1581
2905 15458119 1596
2906 15459715 1589
2907 15461304 1561
2908 15462865 1569
2909 15464434 1583
2910 15466017 1571
2911 15467588 1594
2912 15469182 1565
2913 15470747 1594
2914 15472341 1600
2915 15473941 1575
2916 15475516 1570
2917 15477086 1580
2918 15478666 1552
2919 15480218 1552
2920 15481770 1551
2921 15483321 1546
2922 15484867 1546
2923 15486413 1543
2924 15487956 1600
2925 15489556 1555
2926 15491111 1541
2927 15492652 1531
2928 15494183 1542
2929 15495725 1549
2930 15497274 1547
2931 15498821 1523
2932 15500344 1572
2933 15501916 1512
2934 15503428 1534
2935 15504962 1555
2936 15506517 1542
2937 15508059 1540
2938 15509599 1560
2939 15511159 1522
2940 15512681 1522
2941 15514203 1513
2942 15515716 1580
2943 15517296 1520
2944 15518816 1543
2945 15520359 1544
2946 15521903 1497
2947 15523400 1531
2948 15524931 1505
2949 15526436 1525
2950 15527961 1499
2951 15529460 1508
2952 15530968 1499
2953 15532467 1529
2954 15533996 1513
2955 15535509 1501
2956 15537010 1533
2957 15538543 1513
2958 15540056 1527
2959 15541583 1547
2960 15543130 1540
2961 15544670 1494
2962 15546164 1506
2963 15547670 1509
2964 15549179 1498
2965 15550677 1487
2966 15552164 1476
2967 15553640 1476
2968 15555116 1500
2969 15556616 1491
2970 15558107 1497
2971 15559604 1513
2972 15561117 1519
2973 15562636 1514
2974 15564150 1467
2975 15565617 1506
2976 15567123 1500
2977 15568623 1524
2978 15570147 1472
2979 15571619 1471
2980 15573090 1492
2981 15574582 1504
2982 15576086 1469
2983 15577555 1474
2984 15579029 1477
2985 15580506 1497
2986 15582003 1505
2987 15583508 1492
2988 15585000 1466
2989 15586466 1468
2990 15587934 1480
2991 15589414 1470
2992 15590884 1474
2993 15592358 1472
2994 15593830 1476
2995 15595306 1493
2996 15596799 1481
2997 15598280 1463
2998 15599743 1449
2999 15601192 1445
3000 15602637 1454
3001 15604091 1428
3002 15605519 1469
3003 15606988 1422
3004 15608410 1396
3005 15609806 1433
3006 15611239 1436
3007 15612675 1415
3008 15614090 1407
3009 15615497 1430
3010 15616927 1422
3011 15618349 1459
3012 15619808 1416
3013 15621224 1442
3014 15622666 1404
3015 15624070 1430
3016 15625500 1420
3017 15626920 1453
3018 15628373 1439
3019 15629812 1421
3020 15631233 1426
3021 15632659 1438
3022 15634097 1469
3023 15635566 1421
3024 15636987 1386
3025 15638373 1396
3026 15639769 1391
3027 15641160 1409
3028 15642569 1428
3029 15643997 1410
3030 15645407 1381
3031 15646788 1385
3032 15648173 1363
3033 15649536 1372
3034 15650908 1407
3035 15652315 1412
3036 15653727 1388
3037 15655115 1383
3038 15656498 1384
3039 15657882 1391
3040 15659273 1376
3041 15660649 1390
3042 15662039 1389
3043 15663428 1378
3044 15664806 1359
3045 15666165 1365
3046 15667530 1351
3047 15668881 1400
3048 15670281 1371
3049 15671652 1360
3050 15673012 1378
3051 15674390 1360
3052 15675750 1353
3053 15677103 1368
3054 15678471 1344
3055 15679815 1327
3056 15681142 1355
3057 15682497 1363
3058 15683860 1355
3059 15685215 1388
3060 15686603 1348
3061 15687951 1333
3062 15689284 1367
3063 15690651 1325
3064 15691976 1339
3065 15693315 1352
3066 15694667 1352
3067 15696019 1336
3068 15697355 1323
3069 15698678 1322
3070 15700000 1355
3071 15701355 1340
3072 15702695 1345
3073 15704040 1355
3074 15705395 1351
3075 15706746 1355
3076 15708101 1321
3077 15709422 1320
3078 15710742 1320
3079 15712062 1285
3080 15713347 1325
3081 15714672 1306
3082 15715978 1353
3083 15717331 1291
3084 15718622 1335
3085 15719957 1309
3086 15721266 1310
3087 15722576 1310
3088 15723886 1297
3089 15725183 1277
3090 15726460 1309
3091 15727769 1298
3092 15729067 1304
3093 15730371 1301
3094 15731672 1278
3095 15732950 1306
3096 15734256 1318
3097 15735574 1280
3098 15736854 1307
3099 15738161 1302
3100 15739463 1297
3101 15740760 1300
3102 15742060 1302
3103 15743362 1306
3104 15744668 1293
3105 15745961 1301
3106 15747262 1297
3107 15748559 1307
3108 15749866 1284
3109 15751150 1270
3110 15752420 1257
3111 15753677 1283
3112 15754960 1268
3113 15756228 1281
3114 15757509 1313
3115 15758822 1271
3116 15760093 1285
3117 15761378 1275
3118 15762653 1276
3119 15763929 1259
3120 15765188 1260
3121 15766448 1252
3122 15767700 1262
3123 15768962 1258
3124 15770220 1239
3125 15771459 1252
3126 15772711 1222
3127 15773933 1250
3128 15775183 1274
3129 15776457 1249
3130 15777706 1259
3131 15778965 1258
3132 15780223 1259
3133 15781482 1233
3134 15782715 1229
3135 15783944 1223
3136 15785167 1262
3137 15786429 1244
3138 15787673 1229
3139 15788902 1246
3140 15790148 1246
3141 15791394 1241
3142 15792635 1221
3143 15793856 1241
3144 15795097 1230
3145 15796327 1234
3146 15797561 1218
3147 15798779 1251
3148 15800030 1266
3149 15801296 1197
3150 15802493 1233
3151 15803726 1208
3152 15804934 1235
3153 15806169 1244
3154 15807413 1210
3155 15808623 1189
3156 15809812 1227
3157 15811039 1221
3158 15812260 1234
3159 15813494 1216
3160 15814710 1258
3161 15815968 1249
3162 15817217 1195
3163 15818412 1213
3164 15819625 1220
3165 15820845 1243
3166 15822088 1217
3167 15823305 1194
3168 15824499 1201
3169 15825700 1170
3170 15826870 1211
3171 15828081 1185
3172 15829266 1174
3173 15830440 1182
3174 15831622 1215
3175 15832837 1218
3176 15834055 1170
3177 15835225 1178
3178 15836403 1170
3179 15837573 1159
3180 15838732 1213
3181 15839945 1215
3182 15841160 1181
3183 15842341 1159
3184 15843500 1177
3185 15844677 1196
3186 15845873 1169
3187 15847042 1168
3188 15848210 1189
3189 15849399 1158
3190 15850557 1141
3191 15851698 1149
3192 15852847 1165
3193 15854012 1190
3194 15855202 1155
3195 15856357 1140
3196 15857497 1151
3197 15858648 1139
3198 15859787 1148
3199 15860935 1146
3200 15862081 1149
3201 15863230 1150
3202 15864380 1123
3203 15865503 1138
3204 15866641 1144
3205 15867785 1135
3206 15868920 1108
3207 15870028 1130
3208 15871158 1119
3209 15872277 1107
3210 15873384 1124
3211 15874508 1128
3212 15875636 1130
3213 15876766 1143
3214 15877909 1156
3215 15879065 1143
3216 15880208 1121
3217 15881329 1095
3218 15882424 1110
3219 15883534 1094
3220 15884628 1113
3221 15885741 1129
3222 15886870 1114
3223 15887984 1117
3224 15889101 1084
3225 15890185 1102
3226 15891287 1091
3227 15892378 1087
3228 15893465 1108
3229 15894573 1082
3230 15895655 1077
3231 15896732 1113
3232 15897845 1079
3233 15898924 1103
3234 15900027 1089
3235 15901116 1099
3236 15902215 1105
3237 15903320 1071
3238 15904391 1104
3239 15905495 1117
3240 15906612 1093
3241 15907705 1088
3242 15908793 1075
3243 15909868 1090
3244 15910958 1073
3245 15912031 1055
3246 15913086 1093
3247 15914179 1069
3248 15915248 1073
3249 15916321 1072
3250 15917393 1084
3251 15918477 1099
3252 15919576 1055
3253 15920631 1115
3254 15921746 1060
3255 15922806 1048
3256 15923854 1059
3257 15924913 1069
3258 15925982 1049
3259 15927031 1062
3260 15928093 1059
3261 15929152 1037
3262 15930189 1035
3263 15931224 1046
3264 15932270 1072
3265 15933342 1038
3266 15934380 1046
3267 15935426 1034
3268 15936460 1029
3269 15937489 1055
3270 15938544 1026
3271 15939570 1026
3272 15940596 1047
3273 15941643 1034
3274 15942677 1020
3275 15943697 997
3276 15944694 1049
3277 15945743 1003
3278 15946746 1028
3279 15947774 1037
3280 15948811 980
3281 15949791 1008
3282 15950799 1003
3283 15951802 1022
3284 15952824 986
3285 15953810 1014
3286 15954824 989
3287 15955813 983
3288 15956796 986
3289 15957782 1007
3290 15958789 987
3291 15959776 975
3292 15960751 972
3293 15961723 999
3294 15962722 983
3295 15963705 1025
3296 15964730 977
3297 15965707 1005
3298 15966712 972
3299 15967684 1016
3300 15968700 1008
3301 15969708 983
3302 15970691 986
3303 15971677 1004
3304 15972681 957
3305 15973638 996
3306 15974634 947
3307 15975581 975
3308 15976556 959
3309 15977515 945
3310 15978460 962
3311 15979422 981
3312 15980403 953
3313 15981356 1000
3314 15982356 978
3315 15983334 943
3316 15984277 952
3317 15985229 952
3318 15986181 963
3319 15987144 962
3320 15988106 944
3321 15989050 924
3322 15989974 942
3323 15990916 939
3324 15991855 919
3325 15992774 925
3326 15993699 967
3327 15994666 990
3328 15995656 933
3329 15996589 931
3330 15997520 932
3331 15998452 932
3332 15999384 925
3333 16000309 941
3334 16001250 931
3335 16002181 936
3336 16003117 934
3337 16004051 911
3338 16004962 933
3339 16005895 937
3340 16006832 906
3341 16007738 900
3342 16008638 898
3343 16009536 901
3344 16010437 917
3345 16011354 894
3346 16012248 916
3347 16013164 885
3348 16014049 886
3349 16014935 885
3350 16015820 893
3351 16016713 943
3352 16017656 872
3353 16018528 912
3354 16019440 910
3355 16020350 874
3356 16021224 875
3357 16022099 884
3358 16022983 879
3359 16023862 863
3360 16024725 857
3361 16025582 868
3362 16026450 870
3363 16027320 875
3364 16028195 868
3365 16029063 838
3366 16029901 857
3367 16030758 825
3368 16031583 837
3369 16032420 842
3370 16033262 815
3371 16034077 849
3372 16034926 829
3373 16035755 859
3374 16036614 822
3375 16037436 833
3376 16038269 837
3377 16039106 829
3378 16039935 817
3379 16040752 810
3380 16041562 827
3381 16042389 795
3382 16043184 797
3383 16043981 818
3384 16044799 825
3385 16045624 818
3386 16046442 806
3387 16047248 803
3388 16048051 799
3389 16048850 858
3390 16049708 824
3391 16050532 801
3392 16051333 799
3393 16052132 793
3394 16052925 801
3395 16053726 786
3396 16054512 752
3397 16055264 768
3398 16056032 766
3399 16056798 757
3400 16057555 776
3401 16058331 807
3402 16059138 812
3403 16059950 798
3404 16060748 783
3405 16061531 773
3406 16062304 736
3407 16063040 778
3408 16063818 755
3409 16064573 751
3410 16065324 728
3411 16066052 751
3412 16066803 742
3413 16067545 726
3414 16068271 716
3415 16068987 763
3416 16069750 737
3417 16070487 759
3418 16071246 719
3419 16071965 728
3420 16072693 746
3421 16073439 708
3422 16074147 718
3423 16074865 692
3424 16075557 732
3425 16076289 694
3426 16076983 668
3427 16077651 688
3428 16078339 687
3429 16079026 641
3430 16079667 689
3431 16080356 686
3432 16081042 680
3433 16081722 627
3434 16082349 637
3435 16082986 657
3436 16083643 629
3437 16084272 667
3438 16084939 624
3439 16085563 620
3440 16086183 678
3441 16086861 635
3442 16087496 637
3443 16088133 616
3444 16088749 620
3445 16089369 586
3446 16089955 614
3447 16090569 612
3448 16091181 621
3449 16091802 601
3450 16092403 633
3451 16093036 587
3452 16093623 603
3453 16094226 603
3454 16094829 576
3455 16095405 600
3456 16096005 603
3457 16096608 550
3458 16097158 569
3459 16097727 571
3460 16098298 563
3461 16098861 531
3462 16099392 549
3463 16099941 578
3464 16100519 616
3465 16101135 553
3466 16101688 537
3467 16102225 531
3468 16102756 538
3469 16103294 547
3470 16103841 548
3471 16104389 561
3472 16104950 557
3473 16105507 543
3474 16106050 521
3475 16106571 546
3476 16107117 511
3477 16107628 519
3478 16108147 533
3479 16108680 549
3480 16109229 529
3481 16109758 546
3482 16110304 492
3483 16110796 533
3484 16111329 473
3485 16111802 538
3486 16112340 499
3487 16112839 497
3488 16113336 484
3489 16113820 509
3490 16114329 526
3491 16114855 526
3492 16115381 493
3493 16115874 494
3494 16116368 479
3495 16116847 474
3496 16117321 415
3497 16117736 452
3498 16118188 456
3499 16118644 435
3500 16119079 426
3501 16119505 400
3502 16119905 403
3503 16120308 368
3504 16120676 366
3505 16121042 344
3506 16121386 322
3507 16121708 374
3508 16122082 435
3509 16122517 374
3510 16122891 342
3511 16123233 434
3512 16123667 405
3513 16124072 408
3514 16124480 383
3515 16124863 367
3516 16125230 382
3517 16125612 381
3518 16125993 376
3519 16126369 376
3520 16126745 353
3521 16127098 353
3522 16127451 374
3523 16127825 377
3524 16128202 351
3525 16128553 349
3526 16128902 370
3527 16129272 347
3528 16129619 345
3529 16129964 343
3530 16130307 365
3531 16130672 337
3532 16131009 358
3533 16131367 358
3534 16131725 358
3535 16132083 333
3536 16132416 331
3537 16132747 329
3538 16133076 329
3539 16133405 350
3540 16133755 350
3541 16134105 350
3542 16134455 350
3543 16134805 327
3544 16135132 321
3545 16135453 342
3546 16135795 319
3547 16136114 345
3548 16136459 345
3549 16136804 342
3550 16137146 342
3551 16137488 340
3552 16137828 338
3553 16138166 338
3554 16138504 313
3555 16138817 311
3556 16139128 311
3557 16139439 311
3558 16139750 311
3559 16140061 309
3560 16140370 332
3561 16140702 309
3562 16141011 309
3563 16141320 332
3564 16141652 309
3565 16141961 307
3566 16142268 305
3567 16142573 305
3568 16142878 303
3569 16143181 326
3570 16143507 326
3571 16143833 303
3572 16144136 324
3573 16144460 301
3574 16144761 301
3575 16145062 327
3576 16145389 324
3577 16145713 324
3578 16146037 322
3579 16146359 320
3580 16146679 320
3581 16146999 320
3582 16147319 297
3583 16147616 313
3584 16147929 297
3585 16148226 320
3586 16148546 311
3587 16148857 316
3588 16149173 316
3589 16149489 286
3590 16149775 308
3591 16150083 293
3592 16150376 291
3593 16150667 291
3594 16150958 291
3595 16151249 291
3596 16151540 314
3597 16151854 289
3598 16152143 310
3599 16152453 285
3600 16152738 308
3601 16153046 308
3602 16153354 306
3603 16153660 306
3604 16153966 300
3605 16154266 283
3606 16154549 304
3607 16154853 288
3608 16155141 279
3609 16155420 279
3610 16155699 279
3611 16155978 302
3612 16156280 302
3613 16156582 279
3614 16156861 296
3615 16157157 300
3616 16157457 294
3617 16157751 277
3618 16158028 300
3619 16158328 296
3620 16158624 300
3621 16158924 300
3622 16159224 292
3623 16159516 298
3624 16159814 298
3625 16160112 292
3626 16160404 292
3627 16160696 275
3628 16160971 298
3629 16161269 298
3630 16161567 296
3631 16161863 296
3632 16162159 299
3633 16162458 288
3634 16162746 290
3635 16163036 273
3636 16163309 288
3637 16163597 288
3638 16163885 271
3639 16164156 271
3640 16164427 271
3641 16164698 288
3642 16164986 271
3643 16165257 288
3644 16165545 286
3645 16165831 286
3646 16166117 288
3647 16166405 269
3648 16166674 290
3649 16166964 290
3650 16167254 267
3651 16167521 286
3652 16167807 267
3653 16168074 267
3654 16168341 267
3655 16168608 290
3656 16168898 274
3657 16169172 265
3658 16169437 265
3659 16169702 288
3660 16169990 288
3661 16170278 263
3662 16170541 263
3663 16170804 263
3664 16171067 280
3665 16171347 263
3666 16171610 280
3667 16171890 282
3668 16172172 280
3669 16172452 263
3670 16172715 261
3671 16172976 261
3672 16173237 276
3673 16173513 282
3674 16173795 278
3675 16174073 259
3676 16174332 278
3677 16174610 276
3678 16174886 259
3679 16175145 274
3680 16175419 276
3681 16175695 274
3682 16175969 255
3683 16176224 255
3684 16176479 255
3685 16176734 255
3686 16176989 255
3687 16177244 255
3688 16177499 255
3689 16177754 253
3690 16178007 253
3691 16178260 253
3692 16178513 253
3693 16178766 269
3694 16179035 253
3695 16179288 253
3696 16179541 253
3697 16179794 276
3698 16180070 253
3699 16180323 248
3700 16180571 251
3701 16180822 251
3702 16181073 251
3703 16181324 251
3704 16181575 249
3705 16181824 249
3706 16182073 249
3707 16182322 249
3708 16182571 249
3709 16182820 249
3710 16183069 249
3711 16183318 249
3712 16183567 249
3713 16183816 249
3714 16184065 266
3715 16184331 249
3716 16184580 270
3717 16184850 264
3718 16185114 247
3719 16185361 247
3720 16185608 247
3721 16185855 245
3722 16186100 262
3723 16186362 245
3724 16186607 268
3725 16186875 268
3726 16187143 243
3727 16187386 243
3728 16187629 264
3729 16187893 258
3730 16188151 237
3731 16188388 258
3732 16188646 258
3733 16188904 252
3734 16189156 258
3735 16189414 252
3736 16189666 235
3737 16189901 250
3738 16190151 250
3739 16190401 288
3740 16190689 240
3741 16190929 255
3742 16191184 229
3743 16191413 255
3744 16191668 246
3745 16191914 229
3746 16192143 252
3747 16192395 246
3748 16192641 227
3749 16192868 227
3750 16193095 225
3751 16193320 225
3752 16193545 225
3753 16193770 225
3754 16193995 225
3755 16194220 225
3756 16194445 225
3757 16194670 225
3758 16194895 223
3759 16195118 223
3760 16195341 223
3761 16195564 246
3762 16195810 223
3763 16196033 221
3764 16196254 238
3765 16196492 238
3766 16196730 238
3767 16196968 238
3768 16197206 223
3769 16197429 236
3770 16197665 240
3771 16197905 213
3772 16198118 213
3773 16198331 211
3774 16198542 234
3775 16198776 234
3776 16199010 211
3777 16199221 211
3778 16199432 211
3779 16199643 226
3780 16199869 228
3781 16200097 228
3782 16200325 231
3783 16200556 220
3784 16200776 220
3785 16200996 227
3786 16201223 199
3787 16201422 199
3788 16201621 199
3789 16201820 199
3790 16202019 214
3791 16202233 208
3792 16202441 208
3793 16202649 208
3794 16202857 204
3795 16203061 205
3796 16203266 196
3797 16203462 219
